1.595836406095407654e+02 1.059884285725944579e+02
3.728618518759528229e+02 3.889454625521653952e+01
2.777146603908395832e+02 8.397865414876686430e+01
5.219758304982367747e+01 2.490113541984142955e+02
1.781222191677568105e+02 2.356381756904597182e+02
6.212258193087568969e+01 3.512567067489725332e+02
3.101598503939385409e+02 2.269832226449780990e+02
4.342263071161638095e+02 1.949529185898676076e+02
3.681512041372791941e+02 3.301575629602475601e+02
1.572876174831346816e+02 4.085693596119265294e+02
2.907587518542676435e+02 4.136598453706946543e+02
