1.131502175133444013e+02 1.119103810082501838e+02
8.206825880575546250e+01 1.677751916661580367e+02
2.097679444777149058e+02 1.645252894946157198e+02
3.999790444347298717e+02 1.059648080620378323e+02
2.918361814952551185e+02 2.486699495477961932e+02
4.199483697171906442e+02 2.350387004977337995e+02
3.035803622724033630e+02 3.512749598552605903e+02
3.980371161207425530e+02 4.084736375070027634e+02
1.824826468638375729e+02 4.464378054854807942e+02
1.023230109913222208e+02 4.437316052168603164e+02
