4.682325488205444799e+02 3.836176038424408574e+01
3.738886242928036268e+02 8.383293391340519918e+01
2.550631549160395934e+02 1.057485871293969950e+02
6.499432265578344925e+01 1.645016526641780672e+02
1.481095059497274065e+02 2.487134315180888393e+02
2.751098671576632455e+02 2.347028016555890986e+02
4.064839512205472829e+02 2.263909915128140540e+02
4.646553980442914735e+02 3.309825379252231414e+02
3.865267234031576322e+02 4.134429777351521693e+02
2.538147549675335881e+02 4.078580092657833234e+02
1.592223736001264172e+02 3.509828083425502996e+02